0
0
0
0
0
0
0
0
0
0
0
0
0
0
0
0
0
0
0
0
0
0
0
0
0
0
0
0
0
0
0
0
0
0
0
0
0
0
0
0
0
0
0
0
0
0
0
0
0
0
0
0
0
0
0
0
0
0
0
0
0
0
0
0
0
0
0
0
0
0
0
0
0
0
0
0
0
0
0
0
0
0
0
0
0
0
0
0
0
0
0
0
0
0
0
0
0
0
0
0
0
0
0
0
0
0
0
0
0
0
0
0
0
0
0
0
0
0
0
0
0
0
0
0
0
0
0
0
0
0
0
0
0
0
0
0
0
0
0
0
0
0
0
0
0
0
0
0
0
0
0
0
0
0
0
0
0
0
0
0
0
0
0
0
0
0
0
0
0
0
0
0
0
0
0
0
0
0
0
0
0
0
0
0
0
0
0
0
0
0
0
0
0
0
0
0
0
0
0
0
0
0
0
0
0
0
0
0
0
0
0
0
0
0
0
0
0
0
0
0
0
0
0
0
0
0
0
0
0
0
0
0
0
0
0
0
0
0
0
1
0
1
2
1
2
2
4
4
3
6
6
4
3
2
1
3
4
4
6
5
4
4
6
5
4
5
5
3
4
5
7
1
2
8
4
6
2
7
5
5
5
6
5
3
6
8
4
2
2
1
4
3
1
5
4
6
6
4
5
5
4
3
5
1
5
5
2
8
6
11
7
2
3
4
5
3
10
6
4
8
6
5
5
12
5
2
1
6
3
1
5
5
4
4
4
6
5
4
1
4
7
4
4
0
4
4
7
1
2
4
2
6
4
4
4
9
5
5
10
8
11
14
7
7
8
7
10
10
7
9
11
7
9
5
6
9
5
7
6
8
7
6
13
8
6
12
6
10
7
10
14
8
8
9
7
11
6
3
12
8
12
12
8
9
16
8
9
13
20
12
9
17
14
9
16
15
16
17
13
18
14
12
12
13
16
20
17
13
12
28
8
16
21
14
13
11
11
12
22
17
20
18
19
11
16
10
14
11
14
12
15
12
9
12
14
13
10
11
16
12
8
5
8
7
18
10
15
11
7
14
12
13
9
17
8
11
15
8
10
7
12
13
13
15
11
12
10
7
10
11
6
9
8
7
16
29
34
35
33
40
25
30
30
20
17
24
21
17
14
15
8
9
9
3
7
7
3
7
6
6
2
3
6
6
4
5
5
3
4
7
8
3
4
1
2
7
3
4
3
7
1
5
5
2
2
6
5
5
4
5
3
4
4
4
1
2
4
3
2
4
6
7
5
2
4
2
6
4
10
9
14
14
18
24
35
27
34
33
31
19
19
26
8
7
7
8
5
5
3
7
1
4
1
3
1
3
2
2
4
2
0
0
2
1
0
0
1
2
1
2
2
0
2
1
0
1
1
0
3
2
0
0
1
0
1
0
0
1
0
1
1
2
1
0
0
1
0
1
0
1
0
0
1
3
1
0
0
2
1
3
2
1
3
0
1
2
4
5
13
10
15
17
38
57
63
86
89
97
96
71
65
55
46
42
41
36
34
24
18
22
6
20
18
12
16
15
8
9
6
6
13
9
6
6
11
10
7
7
13
9
6
7
17
13
14
9
9
7
4
6
9
6
6
6
9
5
13
6
9
6
8
9
7
6
5
9
1
10
6
3
5
9
11
2
4
4
9
5
3
11
17
5
10
12
9
23
15
13
19
30
23
24
17
14
14
14
12
12
8
11
15
10
6
15
15
31
47
59
84
133
177
272
260
298
294
276
377
377
430
466
561
552
551
557
505
465
391
342
319
262
198
203
165
124
99
92
69
72
73
73
59
56
56
48
50
58
61
87
94
171
240
320
363
479
506
531
538
571
482
459
428
404
367
323
263
242
237
211
197
167
138
125
89
89
79
59
59
77
55
60
50
46
24
49
40
39
38
32
48
62
75
100
117
146
137
156
132
116
107
106
88
93
70
80
56
45
40
47
41
60
62
72
91
74
80
116
125
159
228
384
578
871
1168
1383
1562
1662
1562
1533
1329
1192
1019
816
655
577
473
380
367
284
233
204
189
147
116
127
117
82
65
72
57
61
58
56
54
55
51
45
69
74
97
106
118
104
107
103
79
66
71
46
48
30
48
23
23
18
17
18
25
25
17
20
24
20
13
25
13
23
22
21
38
31
41
61
92
108
78
79
92
81
74
66
69
47
51
49
47
37
44
49
54
29
41
31
34
29
24
28
23
35
29
31
32
57
76
122
174
196
201
239
232
182
197
165
133
115
84
68
78
78
70
57
45
49
39
49
42
45
37
35
31
34
43
19
18
26
24
19
20
21
20
27
12
20
24
16
14
14
16
16
17
12
12
12
8
15
6
19
21
31
46
79
133
230
411
491
626
756
767
768
709
573
519
470
372
336
236
185
154
139
115
103
90
73
61
66
59
62
57
82
99
92
86
61
99
58
50
49
38
37
30
29
18
17
21
17
16
10
8
11
7
13
7
10
7
13
10
18
22
48
54
58
88
90
82
70
74
68
53
36
28
36
29
20
18
10
7
7
11
9
4
4
7
6
2
3
2
8
1
5
4
6
2
8
6
8
10
13
4
15
6
10
7
1
9
5
7
7
7
11
3
7
3
4
7
7
7
11
11
3
7
7
4
4
4
6
6
3
1
4
2
5
2
5
4
4
6
3
13
16
30
52
49
68
70
82
62
66
55
49
33
29
37
16
22
16
9
11
5
9
9
5
8
8
9
11
16
18
47
71
117
216
296
455
566
656
602
624
637
575
521
426
307
271
248
192
165
163
134
147
120
117
102
94
99
97
66
76
62
56
55
38
38
33
26
22
15
18
9
10
9
9
9
16
9
11
9
3
4
8
6
10
10
14
13
4
6
14
15
16
12
16
22
23
17
20
11
20
15
11
11
8
10
6
5
8
5
3
5
5
4
4
5
7
7
12
19
16
19
17
33
12
18
22
19
35
37
47
55
77
71
58
72
67
47
49
40
31
26
21
18
16
8
8
12
8
6
4
7
6
4
5
3
2
5
4
5
4
3
6
5
22
26
27
44
58
64
77
91
90
94
75
79
52
58
44
32
25
26
36
21
14
16
19
24
21
33
34
65
63
68
61
74
66
52
53
42
45
42
38
31
28
31
29
34
25
23
21
17
19
24
16
24
33
25
29
39
25
31
23
21
23
14
15
14
11
15
11
11
8
15
17
12
15
19
9
15
20
13
19
17
20
30
47
51
57
46
68
59
41
45
39
33
18
15
23
14
9
6
11
5
7
7
3
5
2
4
9
13
3
10
9
7
7
9
5
10
6
2
7
9
7
5
8
6
1
5
3
5
2
1
11
6
9
14
12
13
8
16
12
19
11
17
11
15
9
12
13
14
23
36
60
65
69
85
94
75
107
105
115
131
97
78
96
67
63
51
66
64
71
61
76
63
77
65
53
39
27
34
26
18
19
22
20
22
36
27
35
21
25
30
46
46
58
71
94
100
100
95
96
79
80
83
73
57
45
33
33
44
42
56
61
83
76
80
67
37
46
40
37
27
21
26
30
41
39
61
74
100
123
124
120
129
122
187
158
153
197
196
205
171
129
132
133
110
82
72
49
72
74
90
135
143
173
210
161
140
142
135
88
106
69
70
65
74
96
119
147
155
171
123
141
97
97
76
44
53
43
27
38
44
35
37
54
55
46
41
32
30
48
43
41
46
36
52
50
40
44
53
62
42
48
50
61
43
50
53
57
44
53
46
45
47
49
49
37
42
46
51
60
57
48
42
47
35
48
57
43
66
53
52
75
67
72
91
108
109
113
116
93
99
86
91
76
105
70
65
78
60
57
32
44
52
57
40
52
43
52
40
42
66
46
36
54
27
36
34
46
67
68
75
98
99
80
69
77
55
46
26
27
28
25
24
21
16
26
25
22
30
28
33
15
23
32
31
27
30
27
20
29
42
38
53
40
35
52
54
59
70
61
77
49
54
35
45
40
52
72
107
146
168
204
174
170
150
118
97
94
69
49
55
39
39
33
38
36
26
33
29
27
21
26
22
29
20
21
21
21
21
21
17
11
11
12
9
12
7
7
8
13
10
12
15
9
18
11
20
16
21
30
42
58
98
167
230
334
437
494
539
531
483
393
321
290
213
173
131
130
95
88
69
50
55
69
73
91
95
93
94
83
83
67
64
56
52
48
42
39
35
31
29
30
47
51
71
74
94
121
136
157
188
247
265
313
325
262
284
244
245
214
208
141
159
121
93
97
73
83
108
138
146
144
160
166
128
114
99
80
49
57
47
29
31
27
28
40
36
37
55
65
96
77
78
87
71
68
50
48
43
34
26
31
21
12
14
14
11
12
26
29
42
33
37
48
47
43
72
63
74
83
78
101
100
99
153
140
184
150
193
164
148
136
116
108
109
105
103
71
73
66
93
109
144
123
148
142
129
118
89
72
74
57
64
50
57
38
48
45
39
32
35
42
45
65
59
81
78
65
69
85
90
132
155
256
313
307
324
373
367
321
309
296
302
270
380
460
509
588
675
628
553
458
397
297
249
176
160
182
159
162
202
192
179
183
166
150
118
107
111
109
91
93
92
88
84
74
65
39
65
59
75
75
91
95
132
139
104
100
89
73
77
56
57
36
42
43
73
95
95
88
90
93
69
62
73
49
53
42
45
54
56
72
82
69
72
53
53
40
43
30
28
42
35
67
82
122
188
198
220
218
204
208
208
250
268
247
276
257
202
166
146
129
112
122
107
127
117
105
95
92
88
117
116
99
70
63
51
51
47
46
22
23
22
33
35
32
35
36
34
37
32
27
55
54
58
78
88
101
104
90
96
81
61
72
104
151
220
273
431
481
574
600
582
504
419
333
277
249
259
311
451
613
783
1014
1014
944
868
704
559
457
425
333
275
214
172
188
150
148
121
106
68
86
81
68
82
113
170
185
219
279
235
238
192
160
124
110
120
117
94
90
83
106
93
99
88
92
99
76
79
88
60
99
79
99
135
120
104
132
119
117
109
143
150
194
194
176
165
122
94
77
91
70
90
98
161
301
531
779
939
1020
1030
921
792
767
603
463
425
334
296
247
226
239
228
232
249
231
246
177
180
119
112
86
81
76
51
67
53
36
50
29
32
37
44
48
77
110
124
154
178
193
225
195
202
203
162
166
154
117
121
158
143
177
182
194
206
232
210
195
165
130
91
90
88
68
79
70
56
74
79
81
80
63
74
74
66
89
89
117
91
124
115
119
128
134
206
218
258
273
287
254
230
195
192
177
201
214
267
265
227
195
208
204
248
242
298
275
237
219
171
185
121
170
150
125
134
119
128
96
102
106
95
114
102
141
113
128
111
96
106
93
97
106
113
103
100
90
90
104
108
107
111
111
92
89
79
82
103
107
126
130
138
134
134
128
104
125
133
127
141
193
219
240
236
276
272
309
409
506
585
580
558
534
416
396
323
321
325
297
264
271
220
197
174
161
159
142
135
126
105
104
97
77
76
66
84
81
85
109
107
156
181
199
220
238
252
195
167
158
129
122
134
96
107
97
96
95
94
72
90
68
69
61
72
90
63
68
64
60
70
83
92
119
124
152
167
156
152
137
130
122
101
88
106
110
117
108
139
118
105
94
93
93
92
71
77
109
104
108
109
100
79
74
69
70
74
68
72
84
85
87
92
99
96
101
111
136
147
166
166
186
155
178
154
165
158
132
126
136
125
144
119
165
189
268
275
342
453
517
629
834
1117
1353
1694
2214
2685
3205
3707
4069
4442
4968
5482
5777
6145
6267
6442
6785
7227
7149
7105
7123
7243
7271
7381
7592
7391
7688
7517
7445
7295
7520
7620
7699
7792
7613
7462
7974
8144
8071
7877
7615
7815
7885
7799
7862
7906
8096
8094
7578
7597
7610
7878
7778
7708
7593
7472
7605
7929
7759
7639
7634
7513
7813
7752
7935
7635
7714
7737
7490
7310
7296
7558
7541
7491
7639
7499
7660
7968
7959
7782
7708
7836
7918
7932
8076
8060
8083
7975
7560
7523
7581
7545
7580
7484
7446
7339
7571
7628
7717
7243
7241
7191
7222
7345
7274
7519
7604
7634
7424
7309
7288
7436
7476
7361
7632
7270
7696
7686
7495
7260
7209
7197
7308
7451
7377
7336
7462
7497
7252
6899
7121
7155
7433
7414
7203
7221
7301
7396
7302
7281
7212
7260
7256
7070
7371
7334
7309
7485
7137
6974
6981
7263
7359
7226
7082
7003
7045
7178
7082
6671
6455
6316
6088
5862
5441
5093
4706
4395
3742
3304
2873
2775
2281
2042
1725
1528
1411
1190
1111
963
823
702
601
537
517
470
387
419
303
264
265
292
268
254
247
261
254
299
259
208
266
186
226
188
205
175
184
183
207
200
166
179
152
180
150
168
137
146
138
153
159
165
142
151
164
201
265
267
324
295
312
276
283
284
303
295
369
365
409
376
335
267
275
204
209
172
161
135
139
137
121
113
120
139
149
208
187
161
215
525
0
0
0
0
0
0
0
0
0
0
0
0
0
