0
0
0
0
0
0
0
0
0
0
0
0
0
0
0
0
0
0
0
0
0
0
0
0
0
0
0
0
0
0
0
0
0
0
0
0
0
0
0
0
0
0
0
0
0
0
0
0
0
0
0
0
0
0
0
0
0
0
0
0
0
0
0
0
0
0
0
0
0
0
0
0
0
0
0
0
0
0
0
0
0
0
0
0
0
0
0
0
0
0
0
0
0
0
0
0
0
0
0
0
0
0
0
0
0
0
0
0
0
0
0
0
0
0
0
0
0
0
0
0
0
0
0
0
0
0
0
0
0
0
0
0
0
0
0
0
0
0
0
0
0
0
0
0
1
0
0
0
0
0
0
0
0
0
0
0
0
0
0
0
0
0
0
0
0
0
0
0
0
0
0
0
0
0
0
0
0
0
0
0
0
0
0
0
0
0
0
0
0
0
0
0
0
0
0
0
0
0
0
0
0
0
0
0
0
0
0
0
0
0
0
0
0
0
0
0
0
0
0
0
0
0
0
0
0
0
0
0
0
0
0
0
0
0
0
1
1
2
1
3
2
5
3
9
7
21
22
21
28
28
35
29
20
23
15
19
30
47
26
39
30
29
28
24
23
21
26
28
21
27
25
25
16
14
22
22
26
21
22
21
31
19
21
12
23
23
20
18
27
19
24
23
19
15
12
9
15
18
12
7
8
3
6
10
11
6
6
8
3
9
5
3
5
3
9
9
8
2
9
8
4
4
2
7
6
5
5
7
3
2
7
3
3
5
6
3
1
7
3
8
9
6
7
3
3
4
4
7
5
6
3
3
7
5
10
5
6
7
4
11
8
6
5
3
4
6
4
1
4
4
2
5
5
1
4
5
2
6
5
8
5
7
7
4
10
10
2
6
5
11
9
10
6
7
5
4
3
4
8
8
8
13
9
8
14
12
15
8
6
9
9
10
7
9
9
7
5
5
6
5
11
8
8
11
13
9
5
9
10
9
9
4
11
9
10
8
8
7
6
8
12
6
6
3
8
9
7
5
9
4
3
7
8
8
8
8
6
5
4
10
4
6
7
6
3
7
8
6
4
7
5
0
10
2
6
6
9
4
7
4
4
6
4
5
6
8
8
8
3
7
7
7
2
8
3
6
7
3
5
5
4
3
6
3
5
3
5
7
5
4
4
6
4
3
3
6
2
7
3
5
9
6
6
4
5
8
7
5
4
6
4
3
7
8
5
4
6
9
7
5
4
6
5
6
3
7
5
4
5
3
3
2
7
5
5
5
7
7
7
4
1
6
6
2
2
4
6
1
7
4
4
7
5
7
9
5
4
3
3
5
14
5
2
8
5
4
5
3
8
2
4
4
2
3
5
5
10
4
2
4
3
7
6
4
9
6
7
4
2
5
6
6
7
6
10
7
7
7
4
8
8
6
11
5
13
6
5
6
7
7
9
10
10
6
9
10
14
11
14
16
11
12
19
18
21
18
16
26
20
17
22
22
20
14
18
17
15
19
20
25
17
10
22
18
22
17
13
18
16
20
15
21
24
12
19
17
15
16
20
25
17
16
24
22
17
13
20
23
25
23
24
22
22
18
17
16
17
16
20
17
5
13
14
15
15
14
15
14
12
13
15
11
7
13
12
10
12
12
9
18
13
12
13
12
16
8
13
14
13
11
13
7
12
8
8
9
8
12
8
11
9
8
10
7
9
5
11
7
5
11
6
5
12
8
9
7
11
19
14
11
22
15
11
17
17
14
18
17
26
22
31
27
44
28
39
50
40
48
53
50
58
65
51
52
76
70
54
56
59
53
56
47
54
51
46
31
71
57
45
48
50
56
49
52
49
58
54
45
54
52
32
46
44
45
23
39
39
43
47
50
48
26
40
41
42
44
49
45
55
45
47
37
24
32
25
19
20
29
27
22
19
26
17
14
14
13
9
12
8
8
7
16
13
21
12
5
12
12
9
14
8
12
11
8
10
16
9
12
8
10
9
7
10
16
11
11
11
12
12
10
15
9
13
9
13
19
14
11
17
13
13
16
13
23
11
15
14
15
14
15
16
12
16
9
16
18
16
12
8
20
12
11
16
12
18
13
10
16
15
12
11
10
18
15
19
17
7
11
5
15
11
10
17
9
21
13
13
10
11
11
10
13
16
6
2
14
9
4
6
8
11
7
5
7
5
3
6
6
8
6
6
7
6
7
5
7
5
3
10
6
11
7
3
3
8
3
2
6
6
6
12
6
8
3
4
11
5
4
8
7
9
3
6
11
4
7
7
4
7
8
6
5
3
11
8
5
10
5
10
7
10
9
6
2
7
9
10
6
6
10
12
5
3
15
6
15
12
14
12
12
7
10
10
11
13
5
7
9
10
7
11
15
16
12
14
16
13
10
22
20
16
12
33
9
21
13
20
21
18
23
21
11
14
16
19
14
15
16
19
21
28
21
18
21
14
16
17
10
13
23
17
14
8
17
13
20
10
18
21
14
14
15
17
15
22
11
13
10
17
25
29
35
37
45
53
56
57
41
38
33
30
21
29
26
17
35
19
24
25
21
29
18
24
20
18
19
21
24
18
25
21
19
22
12
17
16
33
31
27
24
26
26
41
35
36
48
45
36
57
42
64
49
46
45
40
45
55
40
41
56
48
59
44
54
65
60
70
71
71
91
103
93
99
82
96
77
69
84
72
70
62
58
59
56
55
56
54
63
51
47
58
67
48
43
38
43
54
37
25
43
28
18
32
37
29
25
25
26
31
26
20
25
12
16
21
17
16
22
18
22
18
20
13
19
29
11
13
17
24
31
24
21
15
18
14
19
9
18
21
20
18
20
14
17
18
17
16
30
59
55
89
121
107
129
93
90
75
68
75
46
42
39
34
25
40
34
26
25
24
20
21
14
31
24
18
17
23
19
23
24
13
20
21
22
25
25
12
16
21
16
17
19
22
19
14
16
15
19
17
9
13
14
16
13
17
25
17
25
22
21
14
20
21
21
18
21
21
15
19
20
26
28
30
46
40
60
33
34
34
30
26
25
24
31
27
21
20
32
34
27
38
55
47
95
165
229
317
393
455
483
454
433
406
370
431
521
553
545
477
399
300
253
170
156
126
93
93
60
76
56
44
35
40
41
35
32
37
51
48
67
156
239
390
602
796
999
1094
1028
894
844
606
540
452
390
317
324
277
180
174
125
106
117
79
63
49
62
51
39
38
27
27
34
28
26
32
33
57
103
160
217
266
289
282
251
219
154
125
123
86
62
70
43
54
50
59
48
93
103
160
172
198
225
258
345
592
916
1392
1962
2237
2315
2308
1905
1529
1188
880
704
603
469
380
283
255
180
189
152
131
118
82
78
72
63
58
70
50
54
47
48
66
85
103
118
157
157
134
118
90
74
60
55
39
45
27
25
25
22
17
18
20
21
18
22
16
17
14
13
29
22
29
46
58
89
105
78
91
94
86
51
60
35
43
40
46
29
31
53
42
26
38
25
27
24
29
20
21
23
30
40
57
83
121
168
194
179
172
138
115
77
61
54
50
39
41
24
32
21
33
27
35
52
32
20
19
19
26
15
11
21
18
13
12
10
11
20
7
11
9
15
10
13
19
12
26
30
21
31
34
32
51
71
142
214
401
641
878
1017
1006
986
953
787
590
491
340
317
214
148
146
111
97
78
76
64
54
62
73
61
65
51
63
69
63
44
42
42
34
36
36
28
29
27
25
21
23
26
28
19
21
25
20
37
33
34
47
86
118
119
110
105
101
82
74
55
50
39
32
24
28
24
26
24
21
17
13
19
20
19
16
18
27
15
27
21
35
33
26
26
33
24
27
30
25
25
19
21
15
23
20
20
20
31
20
19
22
18
36
24
33
29
35
35
32
18
34
25
21
22
26
30
19
25
34
44
39
38
63
113
168
207
238
276
235
179
180
116
93
91
68
62
37
42
30
39
25
27
25
18
19
26
36
48
46
81
107
232
367
542
843
973
1003
916
800
633
477
408
279
244
182
184
149
169
135
161
141
113
130
122
117
100
76
53
60
49
32
59
46
38
36
28
31
31
39
34
30
28
33
29
29
23
18
23
31
17
24
26
33
20
22
27
15
18
20
26
36
27
24
14
16
21
25
32
22
21
24
20
23
16
21
29
33
36
37
35
36
45
33
41
38
32
38
47
69
87
103
107
114
90
107
65
54
52
51
39
25
30
26
25
21
25
11
24
17
22
22
15
23
18
14
22
19
16
22
33
27
44
59
72
87
96
102
91
77
69
71
56
43
33
19
22
16
25
32
20
37
36
66
56
83
117
119
131
135
141
156
146
146
132
109
123
144
151
130
125
145
137
139
113
131
123
139
135
149
153
156
160
145
114
114
123
91
120
102
107
110
109
100
90
72
107
101
100
100
107
102
94
117
99
134
126
169
193
190
166
125
130
108
92
75
68
82
55
41
35
37
28
25
30
30
24
16
19
23
25
27
26
18
16
15
17
16
17
27
25
20
21
15
19
17
14
17
13
15
19
14
26
30
29
30
30
20
25
16
18
26
23
14
27
40
65
66
104
132
123
145
105
110
117
108
87
79
66
64
50
55
50
47
72
57
55
46
51
28
28
24
24
20
23
25
33
33
38
29
35
26
42
57
79
91
124
150
149
161
152
154
136
123
90
94
81
59
54
66
73
91
131
117
119
108
69
72
57
62
37
41
46
47
90
146
177
200
212
205
213
197
210
249
247
273
256
247
225
208
174
139
118
82
86
93
122
187
242
333
339
349
282
239
207
144
102
106
108
94
153
197
281
241
240
212
183
144
111
91
68
64
60
64
63
55
76
55
53
55
39
39
43
36
31
30
23
35
33
20
29
28
23
26
23
21
22
24
23
22
20
18
18
21
22
31
31
40
21
32
25
37
33
27
30
23
20
30
26
31
42
66
81
72
113
93
118
111
99
85
74
63
63
64
50
56
47
41
39
37
25
29
39
30
28
27
26
26
30
28
23
39
38
41
77
74
135
130
115
125
100
70
69
47
48
44
37
29
44
36
46
51
49
51
52
37
38
44
30
32
47
49
43
58
63
58
66
60
72
87
84
93
76
104
72
84
45
61
67
81
101
161
203
159
162
146
133
93
80
74
54
59
35
59
37
56
41
36
32
45
38
48
45
39
26
29
39
33
25
18
27
21
23
17
21
26
15
30
24
30
30
31
26
24
39
30
42
60
100
164
256
453
730
900
974
938
743
630
487
360
289
212
203
152
117
112
117
88
96
85
109
112
130
155
118
107
90
84
78
80
71
57
48
57
58
63
74
80
97
104
146
177
201
267
374
388
395
379
353
372
334
321
273
229
167
170
125
105
103
144
135
192
219
183
236
162
130
94
90
72
58
45
60
43
32
43
51
69
96
93
102
112
102
95
94
78
62
60
36
51
34
50
32
29
32
41
48
65
64
67
62
78
104
97
106
106
97
119
145
145
184
203
277
271
307
287
226
184
184
134
132
107
81
74
97
117
130
169
191
221
202
169
146
106
106
96
94
90
99
112
107
168
215
237
379
464
671
859
1063
1348
1701
2027
2378
2710
2985
3435
3773
4051
4098
4332
4473
4542
4456
4527
4551
4473
4344
4591
4967
5014
4844
4893
4854
4668
4457
4576
4577
4427
4416
4463
4500
4667
4641
4718
4695
4603
4618
4476
4568
4746
4644
4740
4629
4552
4670
4788
4659
4605
4516
4523
4661
4700
4637
4722
4819
4828
4654
4547
4655
4663
4768
4646
4723
4660
4765
4926
4910
4758
4714
4819
4737
4650
4717
4831
4914
4792
4676
4572
4664
4629
4700
4768
4602
4591
4622
4894
4972
4659
4707
4886
4961
4983
5029
5021
5243
5138
4946
5110
5241
5216
5356
5316
5124
5008
5285
5252
4997
4913
4856
4865
4843
5079
5104
5026
5054
5033
4863
4765
4730
4882
4944
4954
4950
4893
5049
4967
4811
4695
4596
4415
4144
3927
3728
3235
2917
2702
2209
1964
1765
1480
1214
1037
809
706
574
578
580
617
751
860
1016
957
882
767
587
455
370
343
353
480
765
1074
1365
1381
1316
1169
899
720
518
382
341
280
238
245
194
179
142
123
131
96
108
127
161
219
327
424
444
435
391
305
248
204
155
151
132
141
122
145
146
160
155
156
137
142
115
119
142
128
164
160
167
162
158
151
139
165
154
172
227
220
204
175
133
102
104
120
138
216
389
661
1043
1489
1551
1549
1399
1106
933
754
570
470
354
310
265
284
325
350
367
297
307
272
221
153
112
100
124
75
67
58
47
60
56
54
54
74
91
130
160
231
269
253
263
258
242
188
182
175
177
191
179
212
271
266
253
283
259
267
176
159
118
90
93
86
80
100
94
118
102
110
108
116
103
134
145
168
166
174
186
208
186
264
252
351
420
422
393
394
311
250
238
266
319
355
389
343
306
276
251
297
352
352
327
314
264
226
192
181
186
162
175
172
134
162
184
187
189
183
294
578
0
0
0
0
0
0
0
0
0
0
0
0
0
