0
0
0
0
0
0
0
0
0
0
0
0
0
0
0
0
0
0
0
0
0
0
0
0
0
0
0
0
0
0
0
0
0
0
0
0
0
0
0
0
0
0
0
0
0
0
0
0
0
0
0
0
0
0
0
0
0
0
0
0
0
0
0
0
0
0
0
0
0
0
0
0
0
0
0
0
0
0
0
0
0
0
0
0
0
0
0
0
0
0
0
0
0
0
0
0
0
0
0
0
0
0
0
0
0
0
0
0
0
0
0
0
0
0
0
0
0
0
0
0
0
0
0
0
0
0
0
0
0
0
0
0
0
0
0
0
0
0
0
0
0
0
0
0
0
0
0
0
0
0
0
0
0
0
0
0
0
0
0
0
0
0
0
0
0
0
0
0
0
0
0
0
0
0
0
0
0
0
0
0
0
0
0
0
0
0
0
0
0
0
0
0
0
0
0
0
0
0
0
0
0
0
0
0
0
0
0
0
0
0
0
0
0
0
0
0
0
0
0
0
0
0
0
0
0
0
0
0
0
0
0
0
0
0
1
0
0
0
1
0
2
0
3
4
3
4
7
3
7
6
10
7
7
5
3
7
16
12
10
12
8
12
10
3
9
11
12
9
10
14
10
7
17
4
13
9
13
16
15
20
12
25
25
25
16
21
15
22
16
24
21
24
26
19
19
21
21
19
23
18
23
22
23
21
30
27
14
31
22
25
14
22
24
22
20
18
23
24
17
15
19
19
19
13
12
14
15
15
21
14
23
13
12
10
15
17
9
22
12
22
10
13
9
19
12
11
24
14
23
8
12
18
10
7
14
15
12
16
11
8
10
8
6
3
6
2
4
6
3
1
0
2
3
2
2
0
2
0
2
2
0
0
0
3
3
3
1
2
2
4
3
1
1
7
2
3
4
5
6
6
4
4
3
4
4
4
2
2
3
4
6
2
7
1
0
5
4
5
8
2
3
6
2
2
2
6
2
5
4
9
6
5
1
4
4
4
3
5
2
3
5
9
2
7
8
5
6
8
6
5
6
4
6
5
7
5
7
2
7
3
5
6
4
6
6
3
4
8
5
1
3
2
3
3
3
6
3
2
8
4
2
4
1
4
4
5
3
4
2
3
2
1
8
1
3
2
6
4
6
4
2
6
5
0
3
3
1
3
3
3
3
8
5
8
3
17
15
25
31
24
27
29
17
23
10
14
7
13
10
11
5
8
6
7
8
5
2
4
5
4
4
4
4
5
4
7
4
5
5
4
7
6
5
4
4
2
0
3
6
3
7
5
9
5
6
6
4
7
12
7
7
7
9
8
9
4
6
6
5
3
2
8
3
3
6
8
4
5
11
15
22
18
25
24
33
23
37
22
28
25
24
19
18
19
5
11
9
13
7
6
4
5
5
6
3
5
2
1
10
3
5
3
7
3
3
3
4
3
5
2
0
1
1
1
1
1
1
2
3
3
0
1
1
1
1
0
0
0
0
0
1
0
1
1
1
2
2
2
1
1
1
2
1
1
2
0
0
2
1
0
1
3
1
3
0
3
7
9
14
22
27
41
69
85
109
114
107
93
104
101
76
79
55
57
48
54
48
43
55
47
33
38
33
38
47
30
33
40
36
37
32
36
36
35
51
19
43
34
53
31
26
43
40
38
35
27
27
31
33
36
24
31
28
30
34
23
35
30
28
32
18
26
34
24
26
31
31
20
23
25
14
34
22
26
18
24
15
22
21
16
22
19
15
25
36
29
26
24
23
20
21
20
14
12
9
10
12
11
11
11
17
12
10
22
33
33
71
118
182
239
279
320
303
317
308
324
350
377
427
491
525
454
495
386
371
290
255
206
190
134
115
97
85
75
47
53
43
54
37
37
32
32
29
27
32
39
51
100
144
242
332
429
555
602
548
530
550
503
434
372
347
330
302
260
219
186
147
139
128
100
89
73
58
52
56
37
39
40
35
32
35
42
31
26
34
26
41
68
82
110
152
158
156
133
160
152
130
124
91
94
69
65
52
46
41
39
34
32
50
71
66
89
66
96
112
107
177
265
447
677
971
1240
1402
1603
1506
1424
1271
1121
901
737
667
479
443
335
280
225
215
155
157
168
108
119
72
60
63
58
49
33
42
41
54
49
48
54
62
74
93
107
127
109
120
70
79
54
55
59
37
29
36
21
14
12
11
15
10
6
12
5
10
10
6
5
11
3
5
8
15
25
47
39
67
79
67
73
66
53
47
36
37
37
28
24
31
22
36
33
19
28
20
23
10
10
9
7
3
7
15
10
22
54
64
93
115
136
181
135
172
172
105
109
83
65
54
53
35
24
20
39
26
28
30
19
18
16
18
18
14
10
13
13
6
8
6
4
4
9
6
9
6
4
3
3
5
5
4
7
7
6
6
4
9
10
14
16
7
17
43
74
122
236
346
514
634
723
760
702
619
572
436
346
285
230
177
173
109
102
101
73
65
60
41
45
47
47
48
44
72
54
68
66
50
45
27
32
30
26
17
16
16
20
9
7
7
17
4
10
4
5
8
4
6
9
12
23
26
48
65
90
102
77
68
72
62
57
42
27
21
26
14
12
17
16
7
7
6
0
5
8
5
5
3
5
3
5
4
3
2
7
5
7
5
14
5
9
10
12
6
6
10
10
8
7
11
4
7
7
7
5
8
4
11
12
7
12
7
5
9
5
5
6
10
5
2
3
3
4
4
11
5
6
4
3
13
28
52
62
90
112
104
104
104
92
85
48
47
49
34
21
20
16
14
16
16
15
11
6
10
6
6
9
11
17
21
39
42
129
175
314
464
605
667
676
670
523
468
417
367
279
211
175
152
145
133
109
134
112
93
93
104
67
86
85
51
58
42
43
41
31
22
14
18
21
22
12
14
11
16
14
10
13
12
10
11
9
7
14
10
3
6
13
18
10
9
14
14
20
24
14
12
21
13
12
18
11
10
13
11
6
3
3
4
7
5
3
4
6
5
7
2
14
18
17
24
25
27
21
13
13
15
11
19
57
51
63
88
73
64
64
58
36
45
37
21
17
11
21
13
12
10
5
8
13
9
7
8
11
14
10
6
7
7
11
5
14
13
17
33
36
43
52
59
51
76
75
73
55
59
53
43
33
32
27
14
19
12
17
21
17
25
19
34
42
59
57
67
57
63
63
50
65
50
42
48
32
31
41
31
42
41
17
32
38
32
27
25
32
22
41
38
50
38
50
47
35
38
31
33
15
20
25
23
14
17
26
24
22
14
17
24
17
21
23
19
25
27
28
38
52
52
78
84
84
55
71
60
52
36
20
30
28
15
14
21
4
14
11
9
6
8
11
9
11
13
6
7
10
12
7
12
11
5
9
16
15
12
10
10
8
10
9
7
3
6
6
6
4
6
7
8
10
12
13
13
15
13
9
8
13
12
9
13
8
17
33
45
59
82
94
114
127
121
130
128
143
139
114
116
128
105
94
88
99
87
89
108
132
101
94
89
75
77
78
51
65
63
60
59
59
60
60
69
46
63
77
78
89
93
141
145
144
151
169
181
151
149
146
128
110
103
86
94
77
83
92
102
140
122
112
104
93
84
80
85
53
80
66
66
72
68
80
111
127
144
140
128
137
139
137
136
165
192
215
207
168
183
127
128
103
85
75
73
64
78
96
138
160
216
229
202
190
134
135
114
86
66
58
78
64
95
120
146
158
172
159
131
128
87
58
66
52
45
32
35
25
37
29
32
51
38
30
26
16
27
30
12
20
15
12
20
11
16
9
9
13
14
10
15
13
22
12
12
8
6
7
11
11
6
6
15
9
12
9
13
16
8
13
6
13
8
14
15
20
15
20
37
40
43
75
67
68
73
58
61
58
44
49
49
49
32
27
30
27
22
23
13
13
20
12
19
10
14
10
11
11
8
11
13
9
13
18
17
37
56
61
98
96
81
73
70
49
53
40
27
34
26
26
19
20
25
23
24
31
30
28
24
14
14
20
23
18
33
27
31
32
28
34
24
48
55
67
65
74
60
57
64
41
38
29
38
46
61
85
111
146
132
137
131
111
90
84
58
42
35
31
36
42
35
20
20
20
25
17
24
14
24
18
18
21
18
15
21
16
15
14
11
11
12
13
12
8
10
11
8
9
17
12
10
9
9
16
16
22
21
43
73
137
214
362
446
603
646
669
544
452
361
284
275
202
137
128
122
90
93
76
70
63
60
77
80
108
93
114
89
87
60
66
56
49
63
45
47
32
33
41
37
37
65
63
76
104
113
152
190
252
247
280
276
275
252
311
282
236
215
185
174
136
105
78
83
71
101
100
160
144
141
159
126
92
75
73
45
45
43
35
25
30
29
33
37
42
50
63
64
81
78
74
70
57
50
53
52
34
33
30
34
24
29
21
11
23
29
26
41
47
47
54
49
66
76
88
95
72
94
91
97
127
167
182
207
248
210
197
163
127
128
97
86
77
91
72
64
89
94
122
139
164
143
140
109
87
81
79
46
74
43
42
41
34
37
21
22
25
27
20
29
47
57
69
65
78
70
68
68
95
170
219
301
305
315
348
351
352
337
287
294
272
333
427
578
635
608
542
517
375
265
235
203
171
162
148
157
195
230
234
188
190
144
150
112
96
91
105
94
108
85
70
63
52
51
45
52
62
71
83
108
114
127
121
124
102
85
87
69
53
47
37
66
73
78
107
99
106
96
66
57
56
57
42
38
41
36
70
69
89
60
55
61
41
34
32
23
36
31
31
44
75
100
167
227
255
233
223
220
200
212
285
295
323
286
281
220
182
155
136
129
136
108
122
102
110
104
115
117
98
92
71
84
55
67
42
46
31
39
24
25
26
26
50
39
39
34
43
40
50
44
64
77
74
95
94
77
79
64
68
56
59
123
166
224
411
505
578
611
597
485
398
314
269
189
194
246
360
548
728
1011
1029
947
799
621
542
437
349
322
242
232
194
162
140
99
104
103
81
80
79
71
80
104
185
238
313
347
369
306
259
208
157
154
135
111
121
107
116
117
116
101
101
118
114
105
92
101
82
93
142
116
113
123
136
130
130
102
98
110
131
162
184
156
155
123
111
98
78
81
90
122
205
346
572
924
1099
1303
1238
1202
986
906
784
695
598
631
701
704
939
1100
1332
1570
1840
2185
2489
2722
3066
3420
3659
3886
4175
4749
4707
4822
4939
5072
5314
5381
5494
5600
5803
5671
5390
5414
5775
5937
5881
5919
6044
5908
5924
6211
6249
6082
5984
6045
5993
6030
6019
6091
5851
5827
5928
5891
5926
5916
5856
5860
5863
5652
5756
6045
5962
5884
5882
5783
5722
5924
6030
6141
5964
5930
5797
5768
6001
6023
6188
6174
6069
6031
6100
6580
6415
6305
6157
6243
6399
6175
6359
6443
6433
6276
6059
6310
6432
6055
6140
6159
6346
6066
6260
6360
6372
6147
6131
6266
6089
6174
6221
6234
6308
6140
6022
6028
6117
5931
6047
6245
6216
6223
6197
6393
6158
5923
6071
5998
6135
6164
6170
6313
6188
6117
5961
6029
6218
6303
6288
6291
6377
6137
6348
6490
6544
6371
6171
6367
6132
6215
6414
6509
6453
6469
6276
6170
6171
6378
6125
6411
6271
6157
5954
6018
5847
5605
5458
5309
4953
4678
4203
3699
3430
2920
2654
2280
2057
1891
1627
1369
1186
978
872
841
585
541
511
381
360
324
322
264
261
214
195
173
179
196
230
273
335
323
300
291
232
225
174
181
157
124
128
95
90
107
116
100
86
65
70
83
77
81
86
89
82
77
72
74
91
87
117
135
171
143
155
134
134
119
98
106
85
85
127
112
141
129
130
133
85
98
75
76
85
79
101
107
127
97
87
58
71
44
46
58
66
77
68
109
81
109
103
90
101
127
126
136
152
181
169
181
166
136
145
134
101
118
132
91
101
72
86
89
97
95
123
79
104
77
80
78
94
105
147
169
155
178
169
181
156
138
131
122
98
114
84
88
99
100
93
86
91
95
106
99
113
140
137
173
152
165
123
117
126
98
86
88
83
106
111
124
151
178
166
194
185
234
225
202
225
181
165
156
121
106
112
107
96
115
134
146
119
145
126
117
103
120
113
113
125
142
174
155
123
140
106
111
128
126
124
132
144
150
129
130
130
121
110
79
109
97
82
107
107
99
128
117
113
113
105
123
128
103
115
99
95
86
58
71
71
70
58
80
87
78
110
110
130
132
128
102
102
85
93
78
82
91
97
96
133
102
95
104
127
102
129
115
118
102
91
79
107
87
102
95
122
112
104
121
139
126
152
130
131
124
110
92
93
77
89
104
129
108
128
87
97
105
89
105
102
118
140
169
160
220
169
198
193
166
172
196
148
143
146
119
123
123
124
105
115
140
165
180
168
203
187
226
199
211
214
205
209
166
178
226
187
218
264
253
276
310
393
479
582
810
923
1207
1414
1724
1937
2219
2435
2649
2875
3265
3273
3369
3302
3456
3409
3474
3602
3627
3803
3918
3876
3975
3956
3901
4005
4277
4724
4824
4562
4221
6336
16602
5
0
0
3
0
0
0
0
0
0
0
0
0
