0
0
0
0
0
0
0
0
0
0
0
0
0
0
0
0
0
0
0
0
0
0
0
0
0
0
0
0
0
0
0
0
0
0
0
0
0
0
0
0
0
0
0
0
0
0
0
0
0
0
0
0
0
0
0
0
0
0
0
0
0
0
0
0
0
0
0
0
0
0
0
0
0
0
0
0
0
0
0
0
0
0
0
0
0
0
0
0
0
0
0
0
0
0
0
0
0
0
0
0
0
0
0
0
0
0
0
0
0
0
0
0
0
0
0
0
0
0
0
0
0
0
0
0
0
0
0
0
0
0
0
0
0
0
0
0
0
0
0
0
0
0
0
0
1
0
0
0
0
0
0
0
0
0
0
1
0
0
0
0
0
0
0
0
0
0
0
0
0
0
0
0
0
0
0
0
0
0
0
0
0
0
0
0
0
0
0
0
0
0
0
0
0
0
0
0
0
0
0
0
0
0
0
0
0
0
0
0
0
0
0
0
0
0
0
0
0
0
0
0
0
0
0
0
0
0
0
0
0
0
0
0
0
0
0
1
1
3
1
6
3
5
10
14
15
34
37
31
52
46
46
46
33
32
21
32
57
76
45
67
44
45
43
38
36
34
38
44
34
37
39
38
30
28
37
32
37
34
41
36
45
31
31
20
35
32
29
29
42
29
40
35
28
21
22
17
21
27
13
11
13
9
7
12
14
9
7
13
6
10
8
4
6
5
10
12
8
7
10
9
5
7
3
8
8
8
7
9
3
2
8
5
4
7
7
4
3
8
3
9
10
6
7
7
8
4
11
8
6
6
7
3
7
7
13
7
9
8
6
12
9
7
7
4
8
6
6
1
5
4
3
5
9
3
8
7
3
9
7
10
6
8
10
7
11
15
6
8
6
17
12
13
9
8
10
6
4
9
12
9
9
18
11
15
18
15
17
13
10
12
11
17
8
11
15
8
12
12
13
7
14
14
13
14
19
12
13
11
13
12
10
5
15
13
15
11
12
9
7
11
20
11
11
3
12
11
9
6
11
6
7
10
10
12
10
15
7
7
5
12
7
7
7
7
6
7
11
10
7
8
7
5
12
3
11
10
10
4
7
6
4
8
7
5
8
9
9
11
5
10
8
12
3
9
7
8
10
4
7
5
6
4
8
4
10
4
8
8
6
7
8
8
5
6
6
9
4
9
4
7
12
7
8
8
8
8
8
9
6
9
7
7
10
9
8
7
9
13
8
6
6
11
6
6
5
8
10
6
6
3
6
2
8
10
7
5
7
7
10
6
5
7
8
3
4
6
7
1
9
7
6
9
7
8
12
8
5
5
3
6
16
5
2
9
6
6
7
4
10
7
6
4
4
6
8
5
12
5
4
9
7
8
8
5
10
7
8
9
2
8
7
8
10
8
13
8
12
10
8
11
9
7
16
11
14
8
10
7
10
11
15
15
14
8
9
15
26
17
20
21
20
17
28
27
28
32
25
34
30
32
29
34
29
24
30
26
20
25
28
32
28
22
35
27
33
26
22
24
29
26
27
30
37
16
30
27
19
26
35
31
21
18
32
33
30
24
36
34
35
37
34
30
33
21
26
24
31
29
24
26
14
26
18
21
22
20
24
18
14
16
19
16
15
19
18
15
16
17
12
25
19
16
17
17
21
14
19
23
19
16
22
11
20
11
11
15
14
19
11
12
14
11
10
11
12
6
13
9
9
14
12
7
14
14
13
12
22
25
21
18
30
23
18
30
26
22
30
33
42
42
50
48
58
53
81
82
67
88
81
90
92
99
77
87
111
112
82
97
92
88
85
78
96
84
91
66
103
89
66
80
72
90
83
87
88
93
81
81
81
79
70
70
67
65
51
71
63
81
71
73
79
55
63
65
74
65
80
67
81
66
61
58
48
55
43
37
42
42
41
31
27
32
28
23
19
24
14
24
13
17
13
20
18
23
19
6
19
18
15
16
15
18
17
13
15
18
12
16
13
13
13
11
11
22
15
13
12
17
18
14
20
13
17
14
20
22
21
24
22
17
19
20
15
28
11
20
15
21
26
22
25
19
28
14
22
26
22
20
12
25
18
21
23
15
27
19
17
25
21
20
19
14
21
24
25
24
11
15
10
25
18
17
22
17
31
15
19
18
16
13
15
14
18
14
7
20
12
7
8
14
12
10
7
14
9
5
7
7
8
8
7
7
8
10
8
11
6
6
14
6
14
9
4
5
9
9
5
9
8
6
12
8
10
5
4
14
7
5
9
9
12
7
11
11
7
9
11
8
10
9
8
6
5
13
10
8
11
6
10
8
12
10
7
5
9
11
11
8
10
12
13
5
5
21
7
20
18
17
15
19
13
12
17
16
14
11
17
11
16
12
16
22
22
15
21
22
18
19
30
29
27
20
48
23
34
21
31
34
27
33
27
24
24
25
23
22
28
28
28
33
34
34
29
30
24
22
25
21
20
35
27
24
17
23
21
22
19
24
24
21
22
25
23
22
31
22
23
27
32
44
56
72
62
83
93
102
104
76
71
59
49
42
50
39
32
48
29
39
37
30
40
28
37
36
30
26
31
38
27
32
29
33
29
20
28
31
54
54
41
42
43
52
58
57
57
74
68
56
81
62
89
70
69
69
80
79
77
73
79
80
82
85
75
97
96
90
98
106
107
136
135
132
147
120
137
132
110
131
111
98
89
89
90
82
82
80
84
84
71
66
89
93
80
73
59
71
87
66
36
58
54
41
51
61
50
34
47
42
42
43
34
38
27
28
38
28
37
38
25
33
27
30
23
34
42
27
21
23
37
37
35
24
29
25
25
29
22
23
29
24
26
29
23
21
20
28
25
47
84
91
142
181
177
203
168
166
143
119
115
78
73
60
53
50
59
42
39
35
47
30
29
24
39
37
24
27
29
25
34
35
26
32
32
36
40
38
22
22
27
21
23
25
27
23
20
23
24
24
22
18
16
19
24
15
21
34
26
36
27
26
26
27
29
30
27
31
31
26
27
32
40
42
42
66
62
82
53
54
47
44
43
41
38
44
35
29
30
45
48
37
55
80
88
126
240
327
441
536
630
669
636
585
538
518
586
687
723
743
668
541
428
358
247
218
181
125
137
88
94
73
62
50
51
50
51
56
57
80
88
112
266
446
760
1187
1676
2013
2323
2120
1871
1693
1271
1118
889
744
639
580
495
358
327
261
223
195
135
114
106
113
94
65
69
50
50
60
50
44
49
56
93
126
208
266
321
357
345
315
285
200
159
147
115
83
100
62
72
60
67
69
124
127
195
219
240
291
321
431
751
1170
1807
2534
2994
3064
3093
2558
2070
1589
1217
1016
813
629
495
388
357
272
257
206
181
173
126
110
103
89
89
104
70
71
71
85
104
138
188
210
270
263
237
197
190
138
92
99
69
70
47
44
46
34
32
32
33
35
30
36
27
26
21
24
44
41
45
71
101
149
175
161
179
159
134
96
107
78
72
63
69
49
50
68
62
45
50
45
42
40
40
32
34
34
42
56
84
128
195
253
301
277
270
232
187
144
101
90
77
62
65
36
46
35
44
40
49
65
46
30
32
24
38
24
24
29
24
22
19
19
17
27
14
17
16
22
17
19
26
20
35
38
25
40
40
44
67
95
176
286
518
846
1168
1360
1355
1307
1272
1055
806
661
472
425
301
218
211
148
137
97
99
99
76
90
106
96
111
89
110
111
107
84
72
66
49
51
53
42
42
47
40
34
34
33
38
35
36
31
34
51
43
52
73
129
170
193
170
169
160
129
126
93
78
61
54
44
40
34
35
34
34
29
21
30
29
25
24
34
36
24
37
28
45
48
42
44
48
42
41
43
40
38
31
36
29
30
33
35
27
47
31
28
28
28
53
34
42
39
48
45
41
22
47
37
30
32
39
40
29
32
48
61
56
48
82
150
241
287
349
384
368
262
279
205
162
135
118
83
68
64
50
57
45
40
32
32
33
34
46
62
66
104
154
313
492
712
1102
1297
1311
1230
1060
854
679
553
384
342
252
242
221
242
205
227
193
176
208
179
173
155
128
98
98
75
66
83
64
60
42
40
56
51
54
50
47
40
48
39
43
38
26
35
49
39
44
48
52
28
31
49
27
36
33
35
49
42
36
25
24
29
41
43
31
33
37
45
44
25
38
35
51
51
65
71
80
97
69
68
65
59
71
80
119
141
178
173
176
150
155
104
85
83
74
63
43
54
49
35
28
36
20
37
28
27
39
27
32
31
25
29
33
28
40
47
39
58
82
97
115
132
133
124
120
115
103
75
62
46
37
36
33
48
42
42
60
61
102
121
160
187
202
215
234
264
277
280
275
260
229
247
232
228
223
201
224
204
215
195
206
211
231
211
237
229
227
233
236
200
185
202
167
185
169
172
173
176
163
158
145
176
169
156
176
170
162
162
187
175
206
205
248
285
257
249
202
208
164
151
118
101
122
79
61
61
56
36
38
40
38
35
28
27
38
34
35
34
30
25
21
32
27
23
40
27
27
26
24
22
25
20
23
22
25
27
27
38
45
48
39
54
28
39
30
33
41
30
26
32
53
85
85
136
174
166
207
161
184
184
172
175
147
118
125
91
95
88
100
115
98
80
69
90
51
48
37
39
22
29
41
63
66
73
66
72
54
71
82
103
124
156
192
207
210
199
203
183
165
126
134
111
78
77
90
110
126
174
157
165
143
102
106
77
75
67
58
67
68
112
190
247
261
293
294
293
288
289
376
390
442
427
429
411
353
300
260
215
156
151
152
193
262
337
445
462
487
395
335
272
208
142
141
152
136
192
270
347
316
311
268
231
178
154
116
103
83
83
96
92
85
106
95
105
95
72
69
63
56
59
44
31
50
52
35
48
41
34
37
34
38
39
32
42
37
31
28
26
34
36
42
44
62
33
44
40
50
46
41
43
42
33
42
37
45
62
96
110
100
162
144
163
155
147
132
122
106
92
101
75
73
70
66
52
56
41
37
52
49
44
39
40
42
43
36
36
48
47
60
99
107
172
168
171
164
142
101
99
68
67
60
61
44
66
50
62
69
72
79
73
51
60
71
53
56
62
75
69
91
93
88
92
86
101
117
125
126
115
138
108
120
78
93
104
129
149
266
300
276
261
236
205
160
123
130
80
92
69
89
65
78
55
46
49
57
61
66
71
53
40
49
52
44
34
29
43
31
37
27
31
35
29
37
37
40
40
46
47
39
50
51
61
88
138
231
350
596
943
1173
1272
1247
998
878
655
494
403
294
285
233
177
164
160
141
138
137
158
161
194
208
176
162
139
125
121
114
98
91
79
81
89
96
119
126
158
210
216
292
340
414
549
556
575
520
487
510
454
447
385
302
244
222
179
153
150
188
179
274
297
291
328
227
197
138
124
96
87
68
85
53
58
65
74
97
130
127
126
154
145
146
150
115
90
83
62
74
52
68
41
41
49
50
74
96
85
106
100
117
155
141
153
157
167
176
218
221
259
298
398
350
412
374
316
257
244
192
181
164
138
127
150
173
180
270
301
362
322
270
225
185
168
169
162
160
217
214
233
315
391
508
698
876
1153
1481
1776
2234
2713
3096
3602
3999
4336
4911
5295
5705
5794
5963
6126
6239
6175
6255
6289
6104
5989
6230
6639
6814
6578
6614
6531
6322
6038
6228
6203
5920
5967
5978
6029
6257
6196
6348
6269
6139
6033
5960
6040
6350
6101
6264
6099
6001
6193
6318
6161
6071
5975
5960
6142
6225
6137
6248
6325
6246
6124
5991
6063
6060
6181
6085
6102
6057
6110
6346
6336
6153
6052
6128
6132
6123
6121
6246
6338
6125
6030
5846
6060
5969
6021
6066
5878
5887
5913
6222
6265
5945
5902
6152
6288
6333
6340
6336
6607
6504
6267
6435
6541
6615
6727
6705
6450
6322
6593
6560
6238
6119
6095
6083
6109
6293
6324
6193
6224
6246
6016
5928
5820
5979
6068
6090
6083
5956
6140
6049
5824
5674
5480
5255
4915
4632
4368
3745
3457
3174
2594
2278
2038
1703
1444
1247
972
848
686
696
704
780
959
1128
1301
1248
1169
993
777
617
493
438
470
616
973
1366
1716
1805
1725
1548
1173
963
709
510
455
402
362
337
274
277
206
186
195
153
165
178
224
312
457
568
614
630
567
443
371
292
237
227
212
206
203
240
264
285
287
278
248
234
185
187
228
211
250
253
276
262
280
244
240
268
246
261
312
315
296
258
197
153
149
155
183
288
494
857
1328
1914
2028
2015
1828
1491
1250
1017
774
641
515
441
358
391
426
474
485
411
399
352
297
205
173
155
169
122
99
79
82
89
79
80
77
118
131
201
239
364
415
411
442
398
375
319
291
271
269
317
292
358
418
414
414
417
374
376
260
246
202
147
153
139
139
162
175
189
171
192
171
198
183
224
249
292
309
299
316
327
306
384
372
478
595
596
557
548
466
367
334
381
449
483
509
447
413
371
343
418
465
490
450
426
360
305
262
267
255
240
270
253
221
266
294
331
341
320
466
967
0
0
0
0
0
0
0
0
0
0
0
0
0
