0
0
0
0
0
0
0
0
0
0
0
0
0
0
0
0
0
0
0
0
0
0
0
0
0
0
0
0
0
0
0
0
0
0
0
0
0
0
0
0
0
0
0
0
0
0
0
0
0
0
0
0
0
0
0
0
0
0
0
0
0
0
0
0
0
0
0
0
0
0
0
0
0
0
0
0
0
0
0
0
0
0
0
0
0
0
0
0
0
0
0
0
0
0
0
0
0
0
0
0
0
0
0
0
0
0
0
0
0
0
0
0
0
0
0
0
0
0
0
0
0
0
0
0
0
0
0
0
0
0
0
0
0
0
0
0
0
0
0
0
0
0
0
0
0
0
0
0
0
0
0
0
0
0
0
0
0
0
0
0
0
0
0
0
0
0
0
0
0
0
0
0
0
0
0
0
0
0
0
0
0
0
0
0
0
0
0
0
0
0
0
0
0
0
0
0
0
0
0
0
0
0
0
0
0
0
0
0
0
0
0
0
0
0
0
0
0
0
0
0
0
0
0
0
0
0
0
0
0
0
0
1
0
0
0
2
1
1
1
2
0
3
4
9
11
20
19
18
19
20
30
28
29
18
11
21
28
36
24
32
32
35
20
22
19
29
26
8
18
20
16
15
27
22
21
23
20
22
28
21
17
25
19
26
14
24
22
23
15
21
23
22
16
19
10
24
16
16
17
16
17
13
14
7
16
10
12
11
15
15
10
5
5
7
7
8
10
12
7
10
8
10
6
7
13
10
12
2
12
5
9
13
11
14
8
5
11
7
13
5
8
15
9
12
5
13
12
7
12
5
15
11
10
9
12
10
9
12
15
12
16
18
12
4
11
14
8
7
11
6
6
12
6
7
5
4
14
7
7
13
8
8
8
14
9
8
23
13
11
22
13
9
19
15
21
28
20
22
13
28
16
20
18
29
25
22
31
26
23
23
25
13
22
27
28
17
24
15
18
34
21
15
24
13
27
19
30
26
20
23
13
28
17
25
26
13
23
19
24
15
29
22
15
10
13
17
14
15
17
19
23
19
24
16
22
32
26
32
28
28
20
23
18
19
9
17
15
17
24
18
8
8
22
11
11
11
15
16
14
11
10
8
9
8
18
18
17
20
20
21
15
10
10
7
10
10
14
5
12
10
11
11
11
7
15
12
8
9
10
14
5
6
11
7
5
10
7
4
7
7
12
8
10
9
6
9
8
5
12
11
24
26
32
46
45
60
62
64
66
60
55
38
62
41
46
53
33
40
31
37
29
27
22
21
20
16
14
11
9
15
15
14
17
6
9
6
12
13
12
7
10
11
11
9
7
11
7
19
12
10
13
13
14
9
12
12
9
12
21
13
14
15
14
30
27
29
41
37
55
52
48
35
50
53
31
58
47
57
50
48
55
45
50
43
26
39
28
24
23
26
21
21
14
17
12
13
13
16
21
13
11
15
9
17
11
14
19
22
21
13
27
32
25
22
21
26
20
25
23
20
28
28
22
14
22
17
30
24
22
26
26
23
23
17
36
21
29
56
55
85
84
99
111
119
90
88
95
74
82
89
87
88
127
136
170
178
169
163
146
156
121
79
99
80
71
58
55
73
67
62
69
66
70
69
54
60
55
51
30
32
39
29
30
29
36
30
44
76
91
96
85
91
105
102
97
85
65
70
59
52
61
38
42
33
24
34
30
37
29
44
41
27
31
24
28
25
26
33
25
24
16
25
20
22
30
34
43
59
79
82
126
164
140
237
256
262
258
317
302
309
255
242
199
171
168
166
124
139
155
135
108
102
94
111
112
121
116
118
109
101
87
97
87
87
73
70
77
75
91
101
99
100
138
119
116
112
110
115
100
116
128
160
153
184
198
173
170
161
172
135
113
108
106
98
107
89
122
118
132
122
108
119
117
107
92
107
113
96
92
84
92
102
80
85
71
69
65
72
65
87
66
51
65
54
59
63
81
71
58
84
57
77
83
59
89
65
65
88
129
137
165
179
168
177
160
166
217
224
301
429
456
539
597
559
559
489
379
337
269
263
204
204
161
138
112
109
119
88
103
94
109
85
121
150
201
226
274
340
319
329
281
266
262
192
162
159
123
142
111
99
97
83
84
59
85
78
68
61
64
65
65
54
58
49
38
45
41
33
37
51
38
51
54
49
54
64
86
120
150
222
255
276
284
282
222
207
204
158
112
103
85
86
58
74
64
68
63
61
78
90
67
87
102
130
151
177
232
285
329
285
291
251
267
242
223
181
161
161
165
170
159
144
115
95
74
83
71
72
61
59
45
53
64
45
39
41
48
34
48
39
42
58
108
149
230
347
539
636
776
833
889
804
715
601
523
455
354
265
244
207
160
162
137
103
91
93
94
73
79
84
91
132
119
108
135
120
109
107
109
103
116
115
139
164
202
211
273
275
251
285
261
268
265
276
281
260
210
160
153
120
119
109
89
73
92
94
106
107
100
91
97
80
73
73
70
66
71
59
57
55
66
76
84
86
71
81
97
80
64
70
51
58
71
64
98
146
231
298
418
576
747
855
866
855
760
781
797
633
567
461
387
327
235
247
228
234
213
247
247
218
257
285
256
301
245
256
232
181
188
141
114
136
155
169
171
166
193
189
240
168
172
191
240
236
270
349
410
487
479
521
493
394
354
342
304
232
199
183
168
123
129
131
110
102
100
64
100
106
95
102
105
107
96
89
114
107
122
151
170
176
222
286
281
265
250
252
222
230
224
203
251
273
388
425
526
577
567
532
551
418
384
320
315
259
220
222
177
162
159
169
162
145
132
138
117
128
104
110
125
123
143
144
176
186
279
301
394
406
363
308
325
260
209
199
210
168
156
188
184
216
328
362
440
458
427
419
384
345
366
346
318
274
301
289
273
275
294
273
367
451
508
512
539
503
420
398
399
357
336
286
218
231
216
197
172
164
160
159
159
156
149
167
167
161
195
199
243
329
368
431
539
626
579
539
570
519
399
354
268
225
209
189
185
169
148
175
149
184
226
300
331
349
337
372
346
292
268
193
146
144
134
119
130
114
122
131
158
155
188
183
225
227
261
245
203
202
147
150
158
128
123
128
111
108
99
129
105
122
115
105
92
114
109
131
101
109
99
88
104
138
136
170
161
143
148
140
160
150
127
137
163
175
193
167
193
162
154
150
122
125
132
124
118
99
98
101
115
96
112
116
119
143
133
124
137
124
145
124
114
135
143
142
136
143
115
114
134
125
119
119
109
140
170
201
245
252
243
212
237
214
202
225
231
270
248
269
334
327
305
318
290
266
238
241
230
187
196
153
169
122
118
127
109
113
119
133
149
161
161
158
170
194
182
205
188
155
147
152
118
116
104
89
68
58
74
72
64
48
71
62
65
62
71
70
69
76
76
88
64
67
67
91
106
98
89
86
94
72
94
67
82
87
97
103
111
96
96
86
83
96
75
68
99
128
145
191
209
243
283
249
267
233
219
177
158
131
119
103
95
98
97
80
102
98
118
96
104
103
98
89
102
93
101
87
99
86
75
83
78
65
72
58
54
51
57
46
84
55
57
56
68
61
71
58
60
84
115
97
108
125
123
140
125
103
93
92
95
100
84
110
126
101
99
83
71
83
72
59
77
77
91
66
74
62
61
70
65
63
59
63
76
64
60
63
59
49
59
83
53
70
78
51
71
61
58
52
63
66
71
68
77
88
52
70
64
70
65
74
56
69
52
73
85
83
93
75
87
97
101
85
77
71
72
70
62
51
51
53
49
49
66
63
74
71
61
75
79
68
66
70
71
79
84
74
80
82
80
79
67
85
62
69
69
76
64
54
59
86
62
68
79
80
73
72
78
79
78
77
79
77
70
67
78
66
65
81
69
83
89
83
86
90
81
85
86
99
81
84
84
91
91
85
72
69
83
72
89
96
88
75
91
76
95
90
91
83
88
110
108
79
75
89
78
73
76
77
72
63
99
89
114
104
129
94
87
98
73
84
75
62
64
64
72
59
59
66
67
86
80
68
71
63
66
57
90
63
76
79
96
77
86
91
93
82
76
103
91
82
88
86
91
81
91
71
104
68
65
64
62
57
66
61
49
54
51
49
71
72
75
78
84
94
90
72
64
86
100
94
76
93
78
97
85
79
57
76
72
88
75
65
86
64
82
105
100
112
98
114
111
89
82
109
102
79
107
96
93
95
69
80
91
93
123
87
78
95
78
86
92
92
82
62
76
78
66
80
76
77
104
71
111
99
139
140
138
113
123
93
99
84
86
93
94
94
87
76
91
81
106
105
165
177
215
232
309
333
375
406
443
504
505
550
631
555
555
539
583
629
622
556
630
628
601
553
628
612
579
550
600
608
527
556
570
606
529
524
587
595
552
506
574
558
538
558
524
543
524
552
528
533
529
532
568
530
539
545
528
580
527
534
522
490
508
374
400
331
344
280
288
239
231
227
231
190
195
167
180
168
139
138
150
146
145
163
162
162
196
177
170
161
155
140
155
141
123
118
135
134
127
120
116
108
117
106
119
97
107
99
112
125
120
120
111
116
122
139
120
129
131
145
139
111
128
108
128
103
119
104
102
102
110
111
106
97
133
100
101
114
100
96
114
111
84
88
93
99
94
126
136
125
169
161
168
173
182
149
151
172
178
169
144
148
156
133
175
168
149
167
116
131
127
120
135
126
137
173
154
135
156
147
151
149
135
164
146
164
176
168
185
201
195
201
211
167
215
173
189
173
202
208
210
247
215
217
219
259
202
198
164
177
190
165
172
157
127
186
188
162
166
178
178
197
204
197
199
187
176
215
213
189
191
244
240
255
216
200
227
201
218
207
225
246
244
254
250
233
219
205
197
201
159
151
147
137
142
143
142
133
148
141
168
133
161
155
149
175
148
142
136
142
148
135
135
144
147
139
142
135
162
144
165
177
177
182
219
169
193
169
140
172
177
192
178
159
149
168
184
212
221
241
234
217
231
212
207
219
199
190
161
193
161
207
225
228
244
270
283
307
276
320
290
278
243
233
275
237
249
218
265
222
237
236
290
270
280
265
319
302
289
290
279
250
250
242
215
208
217
210
262
243
276
256
302
267
261
266
261
304
269
300
285
280
280
296
269
263
270
287
291
244
298
267
317
345
332
295
321
353
328
377
351
359
377
413
408
346
334
351
345
328
347
411
404
432
467
455
478
458
409
394
381
388
326
336
368
329
362
397
405
485
442
405
418
401
408
429
414
419
405
392
425
397
382
364
357
360
360
361
300
316
290
350
311
285
249
352
359
401
463
481
505
513
421
495
485
454
435
428
454
488
452
400
431
441
481
468
480
427
442
438
428
431
402
418
455
448
455
467
477
491
516
528
519
497
472
470
434
387
433
378
430
426
476
555
560
623
602
659
640
643
654
620
662
725
680
600
571
628
590
557
535
454
462
488
509
497
483
471
519
521
511
524
560
586
559
585
508
499
445
464
418
463
448
488
516
531
514
502
502
506
480
443
457
468
456
422
452
448
476
464
543
590
669
723
742
853
791
860
925
1100
1263
1346
1718
1991
2248
2725
2863
3627
4228
4795
5415
5888
6227
6838
7778
7797
7862
8301
8395
8518
8752
8763
8877
8872
8801
8582
8565
8878
8859
8917
8865
8967
8646
8720
9175
9060
8900
8723
8727
8780
8922
9219
9019
9475
9348
9292
9168
9247
9457
9087
9395
8900
8897
9323
9633
9385
9302
9047
8961
9082
9029
9096
9075
9230
9087
8846
8714
8684
9043
9005
9267
9113
8918
9094
9290
9287
9023
8901
9083
9173
8982
9366
9431
9513
9293
8837
8693
8732
8836
8782
8989
8924
8713
8944
9295
8981
9048
8787
8748
8895
9090
9297
9126
9239
9366
9092
8715
8897
9088
9134
9099
9008
8880
9188
9273
9006
8627
8824
8928
8823
8805
8788
8991
8868
8949
8436
8444
8645
8772
8828
8763
8660
8298
8521
8721
8370
7811
7184
6798
6499
6010
5502
4992
4482
4054
3420
2860
2593
2250
1990
1802
1526
1274
1238
1142
1030
827
848
793
733
675
665
626
623
597
544
518
513
503
520
513
504
460
495
506
472
484
410
438
433
439
470
460
431
406
413
458
433
449
423
431
401
430
412
395
442
393
435
390
440
479
481
482
471
492
491
472
469
482
482
466
479
402
410
419
428
471
404
493
480
479
431
417
448
476
391
390
398
414
402
378
411
385
376
405
432
409
428
383
416
473
420
411
447
441
408
405
369
438
390
388
401
401
393
407
383
389
405
407
423
416
443
465
470
453
465
446
495
475
492
451
435
419
409
426
381
383
369
381
376
369
413
426
440
463
454
432
404
406
361
370
352
390
415
467
416
413
417
485
442
380
452
386
370
387
353
393
427
438
450
425
412
391
411
442
427
409
405
400
452
404
427
421
415
379
392
376
365
410
356
369
397
368
398
436
386
358
356
400
403
387
399
427
426
405
378
389
390
413
364
458
526
545
559
521
767
1969
0
0
0
0
0
0
0
0
0
0
0
0
0
